-1.736114	2.866062	1.000000	
-1.122223	3.367955	1.000000	
-0.267124	2.379018	1.000000	
-0.099177	7.858293	1.000000	
-0.761260	3.351250	1.000000	
-0.572099	2.703724	1.000000	
1.473654	6.510614	1.000000	
0.370271	7.845614	1.000000	
-0.481942	2.951103	1.000000	
1.658270	6.469658	1.000000	
-0.816865	2.864692	1.000000	
-0.196854	2.668183	1.000000	
-0.677990	7.794676	1.000000	
0.819457	2.312672	1.000000	
0.905966	7.483172	1.000000	
0.011470	7.651064	1.000000	
0.697140	6.017766	1.000000	
-1.329448	1.648909	1.000000	
-1.214764	3.506638	1.000000	
-0.596290	5.226205	1.000000	
-1.277680	7.519256	1.000000	
0.787773	2.246952	1.000000	
-0.944548	4.250029	1.000000	
1.383273	6.408297	1.000000	
0.205338	3.839051	1.000000	
0.286808	1.094546	1.000000	
-0.487490	6.775558	1.000000	
0.698803	2.165665	1.000000	
1.429490	2.552113	1.000000	
-0.215542	3.264206	1.000000	
-1.519540	1.453424	1.000000	
1.455420	3.244594	1.000000	
0.366129	1.582712	1.000000	
-1.490482	5.938415	1.000000	
-0.175099	4.009607	1.000000	
1.747586	1.674063	1.000000	
1.453399	7.505684	1.000000	
0.795116	0.273992	1.000000	
-0.739871	7.539273	1.000000	
-0.915493	5.513352	1.000000	
0.559968	5.070007	1.000000	
0.228170	7.228185	1.000000	
-1.166601	3.934953	1.000000	
-0.772957	0.299565	1.000000	
1.755876	7.609247	1.000000	
1.975573	5.566900	1.000000	
-0.347740	0.734637	1.000000	
-1.021011	2.008611	1.000000	
-0.935817	0.120089	1.000000	
0.772780	0.525998	1.000000	
-0.011204	6.394816	1.000000	
-1.552576	5.716205	1.000000	
-0.717455	0.092887	1.000000	
1.814916	6.142856	1.000000	
-0.643412	3.522163	1.000000	
0.472854	0.440232	1.000000	
0.522239	7.536621	1.000000	
1.465596	6.470836	1.000000	
1.242427	1.554172	1.000000	
-1.331984	3.025267	1.000000	
1.240669	5.411655	1.000000	
-1.421223	7.806991	1.000000	
-1.765702	1.237684	1.000000	
-1.335328	1.016568	1.000000	
1.747371	3.051014	1.000000	
-0.080974	5.263188	1.000000	
0.785391	0.201610	1.000000	
1.283918	1.108550	1.000000	
-0.209279	2.428847	1.000000	
-0.440709	7.746614	1.000000	
1.073469	0.050329	1.000000	
0.075665	6.397380	1.000000	
-1.815059	6.214830	1.000000	
1.580834	0.690681	1.000000	
1.996004	6.016390	1.000000	
-1.405783	2.850003	1.000000	
1.041206	2.499628	1.000000	
1.816053	2.659686	1.000000	
-1.649427	5.525619	1.000000	
1.549966	4.023375	1.000000	
1.609940	5.825349	1.000000	
0.891399	7.508588	1.000000	
1.586278	3.371658	1.000000	
1.649172	7.207244	1.000000	
-0.739070	6.865630	1.000000	
-0.970964	5.366279	1.000000	
1.466948	7.384494	1.000000	
0.860983	4.840724	1.000000	
1.309705	3.766615	1.000000	
-0.438692	5.253397	1.000000	
-1.645578	5.449186	1.000000	
-1.035698	4.436604	1.000000	
-1.945218	0.611081	1.000000	
-1.479886	0.796087	1.000000	
-1.929380	7.498735	1.000000	
-0.359211	7.065151	1.000000	
-0.920067	5.652786	1.000000	
-1.586022	3.345570	1.000000	
0.588426	7.570395	1.000000	
0.771615	0.680477	1.000000	
-13.150048	6.036244	1.000000	
-15.785123	7.786910	1.000000	
-14.662946	4.570388	1.000000	
-14.960505	2.872355	1.000000	
-14.805075	6.552574	1.000000	
-13.833244	1.356632	1.000000	
-13.070272	2.843034	1.000000	
-14.972606	0.948757	1.000000	
-12.379301	6.937374	1.000000	
-15.010867	5.616012	1.000000	
-15.493809	3.531733	1.000000	
-15.855355	3.607189	1.000000	
-13.343417	6.764635	1.000000	
-14.458187	0.160085	1.000000	
-14.865137	4.149644	1.000000	
-14.839031	6.786354	1.000000	
-14.267830	6.889002	1.000000	
-14.614498	5.895445	1.000000	
-12.142086	5.862960	1.000000	
-15.271694	0.194734	1.000000	
-15.082215	4.867864	1.000000	
-13.036406	6.202341	1.000000	
-13.318516	4.961913	1.000000	
-15.770825	2.646191	1.000000	
-13.160543	4.614082	1.000000	
-15.245259	2.659605	1.000000	
-14.193061	5.012400	1.000000	
-13.889934	6.570057	1.000000	
-15.456745	5.248304	1.000000	
-15.166542	0.897332	1.000000	
-13.529179	7.843303	1.000000	
-15.598174	4.169022	1.000000	
-14.229225	5.226785	1.000000	
-12.834604	2.291641	1.000000	
-14.396900	0.171719	1.000000	
-15.884092	2.296901	1.000000	
-12.038400	6.182013	1.000000	
-15.392705	5.097971	1.000000	
-14.265575	5.516724	1.000000	
-12.209563	6.703992	1.000000	
-15.943950	6.722737	1.000000	
-12.473336	6.963032	1.000000	
-12.128107	1.399817	1.000000	
-14.522014	7.889449	1.000000	
-14.079116	0.625091	1.000000	
-15.257917	3.483941	1.000000	
-15.621723	7.463264	1.000000	
-13.764687	6.599496	1.000000	
-12.653558	1.457414	1.000000	
-12.772075	3.591234	1.000000	
-15.215915	5.220310	1.000000	
-14.164810	7.366844	1.000000	
-12.970786	4.551726	1.000000	
-12.954044	7.654369	1.000000	
-12.291725	5.386542	1.000000	
-12.956842	6.988599	1.000000	
-14.833038	4.701096	1.000000	
-13.435005	7.376111	1.000000	
-13.572423	2.573918	1.000000	
-12.972311	6.787204	1.000000	
-12.989166	7.131383	1.000000	
-12.686173	6.845336	1.000000	
-12.982209	4.781603	1.000000	
-12.233774	5.379032	1.000000	
-15.231207	6.711311	1.000000	
-15.710789	7.687307	1.000000	
-15.061335	2.379359	1.000000	
-14.411426	1.234096	1.000000	
-14.647614	6.437887	1.000000	
-14.284714	0.230257	1.000000	
-12.180699	5.592382	1.000000	
-13.229652	7.598997	1.000000	
-15.601163	4.614572	1.000000	
-12.749829	7.929827	1.000000	
-14.839438	6.842652	1.000000	
-13.924586	7.909747	1.000000	
-15.003315	2.206840	1.000000	
-13.939789	6.712194	1.000000	
-12.535023	2.058430	1.000000	
-13.145440	1.950972	1.000000	
-12.719897	2.290149	1.000000	
-13.280534	2.798568	1.000000	
-15.742409	1.409126	1.000000	
-15.991869	4.848165	1.000000	
-13.277841	7.813100	1.000000	
-14.966922	0.421084	1.000000	
-13.686338	7.339341	1.000000	
-15.386429	5.037007	1.000000	
-14.894856	0.097982	1.000000	
-12.080825	4.325711	1.000000	
-13.529532	1.587065	1.000000	
-12.402554	5.935775	1.000000	
-15.450881	1.081343	1.000000	
-15.098892	1.369338	1.000000	
-14.969767	4.636538	1.000000	
-13.951422	0.863759	1.000000	
-12.110552	7.933177	1.000000	
-14.201033	7.029888	1.000000	
-14.479089	6.810396	1.000000	
-12.640951	7.068483	1.000000	
1.697246	11.817219	1.000000	
-5.809738	9.130872	1.000000	
-3.766417	8.657323	1.000000	
-10.567084	8.920601	1.000000	
-8.354039	8.735089	1.000000	
-3.666703	10.365424	1.000000	
-3.846351	8.261653	1.000000	
-5.720641	10.986408	1.000000	
-2.455835	10.617770	1.000000	
1.567038	8.728689	1.000000	
-11.161120	8.183808	1.000000	
-4.909165	10.545934	1.000000	
-6.503743	10.352093	1.000000	
-8.106630	9.364264	1.000000	
-13.406896	10.098061	1.000000	
2.045371	8.011699	1.000000	
-11.758043	11.872526	1.000000	
-0.770568	10.794678	1.000000	
-11.219740	8.363994	1.000000	
-6.215720	9.289677	1.000000	
-10.149068	11.913128	1.000000	
1.029794	10.330684	1.000000	
-1.037798	8.227204	1.000000	
-8.647408	10.273707	1.000000	
-14.447941	10.925438	1.000000	
-15.470034	8.617273	1.000000	
-5.146100	9.634200	1.000000	
-4.292849	10.349550	1.000000	
-8.283310	10.729743	1.000000	
-5.867632	10.329888	1.000000	
-15.660478	11.537977	1.000000	
-9.625579	11.262183	1.000000	
-7.305338	10.548093	1.000000	
-14.083661	11.488988	1.000000	
-12.291922	11.638270	1.000000	
-12.412089	9.596423	1.000000	
1.881999	11.089405	1.000000	
-3.888110	8.030843	1.000000	
-2.346453	10.932416	1.000000	
-2.876736	9.689896	1.000000	
-5.486413	10.357193	1.000000	
-13.536213	10.546989	1.000000	
-2.834013	10.078198	1.000000	
-4.036122	9.685156	1.000000	
-7.826355	9.093368	1.000000	
-3.420788	8.684633	1.000000	
1.102395	11.980667	1.000000	
-15.001380	11.396879	1.000000	
-6.610852	10.482987	1.000000	
-4.675887	8.324749	1.000000	
-9.325321	11.994463	1.000000	
-14.889117	9.584902	1.000000	
-1.965626	10.291032	1.000000	
-11.450754	8.472370	1.000000	
-5.255033	8.790081	1.000000	
-8.915857	11.892224	1.000000	
-5.415016	10.931318	1.000000	
-0.241140	9.570312	1.000000	
-0.033798	9.783618	1.000000	
-4.879427	11.774000	1.000000	
-2.646078	11.229784	1.000000	
-15.424817	8.134039	1.000000	
-8.591063	8.935446	1.000000	
-14.812940	11.927145	1.000000	
-11.165711	10.793123	1.000000	
-8.722408	9.919323	1.000000	
-12.616888	10.987175	1.000000	
-1.911589	8.689102	1.000000	
-0.075748	10.049832	1.000000	
-7.151229	10.444659	1.000000	
-7.952255	10.497407	1.000000	
-4.850450	8.804013	1.000000	
-9.710887	9.853010	1.000000	
-14.365898	9.718602	1.000000	
-6.738102	9.134860	1.000000	
-10.342068	8.470728	1.000000	
-9.515744	9.579289	1.000000	
-11.215293	11.840449	1.000000	
-4.516404	8.334499	1.000000	
-7.638926	10.209607	1.000000	
0.459256	10.866238	1.000000	
-14.025999	9.667866	1.000000	
-12.112922	11.175193	1.000000	
-14.408866	10.447376	1.000000	
-8.733563	9.368169	1.000000	
-5.799553	8.007126	1.000000	
-5.511386	11.408964	1.000000	
-8.078978	11.370169	1.000000	
-7.643487	9.602246	1.000000	
-15.371976	10.995827	1.000000	
-0.312135	8.285176	1.000000	
-7.502373	10.362275	1.000000	
-11.416413	8.757883	1.000000	
-12.660177	9.841761	1.000000	
-5.328284	11.532773	1.000000	
-7.835595	11.554071	1.000000	
-6.455476	10.963913	1.000000	
-0.319300	10.925169	1.000000	
-4.210929	11.976068	1.000000	
-6.886045	9.530145	1.000000	
-11.464653	9.965242	1.000000	
-15.201655	8.564714	1.000000	
-5.658764	10.151686	1.000000	
-11.516919	10.153326	1.000000	
1.773485	9.338057	1.000000	
-0.718767	11.438837	1.000000	
-0.847847	10.592294	1.000000	
-2.492140	11.365424	1.000000	
-9.174167	8.217353	1.000000	
-8.907281	10.707175	1.000000	
-14.937221	10.269705	1.000000	
-4.108884	8.582678	1.000000	
0.756702	9.740162	1.000000	
-0.800789	11.430074	1.000000	
-14.570618	8.345661	1.000000	
-11.403128	8.369372	1.000000	
-2.033257	8.079109	1.000000	
-14.162392	8.005170	1.000000	
-9.678228	11.791015	1.000000	
-5.545327	8.694088	1.000000	
-15.495099	10.750588	1.000000	
-13.486722	8.795565	1.000000	
-14.817965	9.091075	1.000000	
-14.475704	9.003834	1.000000	
-9.829496	9.598837	1.000000	
-8.766918	8.233198	1.000000	
-1.805191	8.327905	1.000000	
-12.275766	11.263460	1.000000	
-11.684891	10.356229	1.000000	
0.163345	9.984484	1.000000	
-14.521320	8.843444	1.000000	
-10.861892	11.296891	1.000000	
-5.317809	10.673590	1.000000	
-6.426278	9.188251	1.000000	
-1.611964	11.856496	1.000000	
-15.563235	8.460636	1.000000	
-1.475625	10.816037	1.000000	
-13.864194	9.502773	1.000000	
-6.473031	8.080905	1.000000	
-11.383780	9.767203	1.000000	
-6.231218	10.704169	1.000000	
-6.179431	9.238690	1.000000	
-11.804677	11.110491	1.000000	
0.536334	8.173028	1.000000	
-1.340414	10.601099	1.000000	
1.651276	9.077936	1.000000	
1.720089	11.285319	1.000000	
-3.590025	10.804679	1.000000	
-2.658065	10.970033	1.000000	
-8.515614	10.430116	1.000000	
-13.971196	9.947621	1.000000	
-2.373710	10.360397	1.000000	
0.919167	9.907241	1.000000	
-2.354142	8.773589	1.000000	
-5.911520	11.776902	1.000000	
-5.299623	8.318158	1.000000	
-5.528777	8.596608	1.000000	
-9.373530	9.269459	1.000000	
-14.287641	8.178360	1.000000	
-3.803327	11.514543	1.000000	
-3.476745	9.790466	1.000000	
-8.526718	8.821569	1.000000	
-11.564012	10.471224	1.000000	
-11.097984	8.560794	1.000000	
-15.031826	8.286979	1.000000	
-11.539198	11.004696	1.000000	
-0.237209	8.008542	1.000000	
-3.459486	10.156568	1.000000	
-13.678963	10.828058	1.000000	
-3.976916	11.760428	1.000000	
-4.842933	9.647824	1.000000	
-8.005103	9.420242	1.000000	
-12.052310	10.888865	1.000000	
-3.840554	9.657227	1.000000	
-2.628067	8.272976	1.000000	
-10.166238	9.952733	1.000000	
-3.818081	10.401579	1.000000	
-7.924009	11.072901	1.000000	
0.814160	11.578924	1.000000	
-4.472634	9.887315	1.000000	
-12.646189	11.207296	1.000000	
0.658712	9.091999	1.000000	
-8.645757	11.044527	1.000000	
2.235915	9.319040	1.000000	
-11.422051	8.093063	1.000000	
-14.408533	9.251879	1.000000	
-12.057296	11.464793	1.000000	
-12.775122	9.876620	1.000000	
-1.952047	8.153741	1.000000	
2.208922	11.684323	1.000000	
-2.939242	9.133649	1.000000	
-5.735915	8.947177	1.000000	
0.777821	11.449014	1.000000	
-13.377826	10.829668	1.000000	
-4.476442	10.021300	1.000000	
-7.888208	11.014032	1.000000	
-4.824180	8.564134	1.000000	
-11.635626	9.192768	1.000000	
-4.944533	10.362847	1.000000	
-3.760867	10.492721	1.000000	
5.664342	3.560512	2.000000	
5.622647	-1.135005	2.000000	
6.519493	0.523745	2.000000	
8.755345	-2.476866	2.000000	
6.856175	-2.872566	2.000000	
5.255266	0.528788	2.000000	
5.071375	3.962762	2.000000	
7.836977	3.598739	2.000000	
6.445452	0.347609	2.000000	
5.802454	2.531622	2.000000	
8.612664	0.626755	2.000000	
5.357856	2.213902	2.000000	
8.555189	1.176904	2.000000	
6.009329	1.198323	2.000000	
5.875540	3.784656	2.000000	
5.226961	2.317830	2.000000	
7.257524	1.510228	2.000000	
5.634574	-3.300341	2.000000	
6.131966	1.134247	2.000000	
7.756577	3.615616	2.000000	
6.070610	0.173737	2.000000	
7.182723	3.560404	2.000000	
5.233060	-1.886963	2.000000	
5.995496	3.444209	2.000000	
8.374035	3.429893	2.000000	
7.624808	-0.032630	2.000000	
6.221328	3.764600	2.000000	
8.580803	2.523049	2.000000	
7.290620	0.298717	2.000000	
8.619114	-3.963012	2.000000	
8.566211	-0.416209	2.000000	
5.867482	-1.894368	2.000000	
5.235019	1.103966	2.000000	
8.607957	-3.290070	2.000000	
5.784551	-2.015242	2.000000	
7.344933	-2.306011	2.000000	
5.330326	2.690685	2.000000	
5.823576	3.516540	2.000000	
6.068154	-0.361983	2.000000	
8.393066	3.853585	2.000000	
6.471380	0.035925	2.000000	
6.160372	2.472156	2.000000	
6.272177	-0.819322	2.000000	
7.470629	-0.790431	2.000000	
5.950915	1.832326	2.000000	
6.715022	-3.863839	2.000000	
7.586448	-1.771360	2.000000	
5.883116	-0.664592	2.000000	
6.624141	-1.102596	2.000000	
5.523665	-3.901944	2.000000	
7.644342	-0.855545	2.000000	
8.367184	-3.971212	2.000000	
5.764674	-3.812609	2.000000	
5.350301	0.861734	2.000000	
6.362811	1.880828	2.000000	
7.691712	-2.186111	2.000000	
5.034572	3.502185	2.000000	
7.920760	3.851731	2.000000	
7.396245	2.552678	2.000000	
8.489580	-3.216354	2.000000	
5.247562	-0.357674	2.000000	
6.358761	1.646455	2.000000	
8.854817	3.470972	2.000000	
7.203477	3.002808	2.000000	
5.012114	-3.931887	2.000000	
6.566895	3.611907	2.000000	
6.583606	-3.513296	2.000000	
7.609510	1.991412	2.000000	
6.642695	3.035559	2.000000	
6.136000	2.633463	2.000000	
8.172987	3.595220	2.000000	
7.920045	-2.175951	2.000000	
5.966772	3.747071	2.000000	
6.474566	-0.690957	2.000000	
5.189266	1.815003	2.000000	
8.127040	-2.024432	2.000000	
6.045886	1.133786	2.000000	
7.781465	3.681409	2.000000	
6.045397	0.049443	2.000000	
8.310814	0.905196	2.000000	
8.282735	-0.755495	2.000000	
8.604923	1.218682	2.000000	
8.632448	0.454527	2.000000	
6.741820	-1.088401	2.000000	
8.345164	1.631083	2.000000	
7.499323	-2.942686	2.000000	
6.743005	-2.922560	2.000000	
7.154719	2.359957	2.000000	
5.376301	-3.428116	2.000000	
8.485028	-3.099974	2.000000	
7.951421	-3.542769	2.000000	
7.854448	-2.762634	2.000000	
8.771165	3.303147	2.000000	
8.512325	1.686275	2.000000	
7.647221	1.243567	2.000000	
5.019098	0.790040	2.000000	
7.768234	1.974403	2.000000	
8.113551	0.936140	2.000000	
7.300109	0.495078	2.000000	
8.667111	-2.782707	2.000000	
-7.200912	2.728019	2.000000	
-6.316166	1.452955	2.000000	
-8.950194	0.339399	2.000000	
-5.787529	-0.100817	2.000000	
-6.758723	0.047114	2.000000	
-7.282346	2.934260	2.000000	
-7.729262	-3.660586	2.000000	
-7.405485	0.730470	2.000000	
-6.884762	2.611941	2.000000	
-5.745699	2.574432	2.000000	
-6.327713	-0.468784	2.000000	
-6.480719	0.807103	2.000000	
-6.595053	2.772635	2.000000	
-7.221280	-2.986193	2.000000	
-8.693748	2.590915	2.000000	
-6.044505	3.356099	2.000000	
-7.384694	-1.311464	2.000000	
-7.116921	-0.825291	2.000000	
-5.138239	0.177798	2.000000	
-8.955188	-1.065290	2.000000	
-7.359725	0.768796	2.000000	
-5.038922	2.905863	2.000000	
-6.953859	-3.015921	2.000000	
-7.405593	-2.084948	2.000000	
-6.509818	1.660968	2.000000	
-8.905571	3.722491	2.000000	
-6.589357	-1.249377	2.000000	
-7.225742	-1.686236	2.000000	
-7.933589	2.089372	2.000000	
-8.448766	-3.652503	2.000000	
-5.034766	-1.350879	2.000000	
-7.020585	-1.763022	2.000000	
-5.519884	1.860931	2.000000	
-5.204048	2.519523	2.000000	
-8.370579	0.774027	2.000000	
-7.229174	-3.107585	2.000000	
-6.673219	-3.094709	2.000000	
-6.000715	1.854993	2.000000	
-6.717524	-2.320039	2.000000	
-7.861169	-0.759793	2.000000	
-5.989126	-3.608877	2.000000	
-6.573934	3.699960	2.000000	
-7.679772	1.864060	2.000000	
-5.530684	1.951033	2.000000	
-5.429954	0.182852	2.000000	
-5.514155	-2.800778	2.000000	
-5.656606	3.722481	2.000000	
-6.533906	-3.074240	2.000000	
-5.289938	1.817128	2.000000	
-6.740268	1.496418	2.000000	
-6.530896	0.069599	2.000000	
-6.694643	-0.288620	2.000000	
-8.394974	-3.632415	2.000000	
-5.015524	-2.796427	2.000000	
-7.722226	-1.277358	2.000000	
-6.072918	2.786816	2.000000	
-5.759191	2.295779	2.000000	
-6.021818	2.610180	2.000000	
-5.583368	-1.696149	2.000000	
-7.939051	0.037319	2.000000	
-5.934280	0.111920	2.000000	
-5.559430	2.557012	2.000000	
-5.109615	2.598901	2.000000	
-7.786043	-1.762390	2.000000	
-6.751738	2.504809	2.000000	
-8.367321	-1.267429	2.000000	
-5.974443	-2.894853	2.000000	
-7.547327	-2.846153	2.000000	
-6.289144	0.279174	2.000000	
-7.407014	-0.474104	2.000000	
-7.314466	2.994196	2.000000	
-8.950702	-2.680016	2.000000	
-7.937828	-3.746479	2.000000	
-6.179215	3.485958	2.000000	
-8.561711	3.595903	2.000000	
-7.891361	-2.245426	2.000000	
-7.168641	1.217654	2.000000	
-5.239412	-1.077227	2.000000	
-8.547834	-3.138318	2.000000	
-6.579439	2.383471	2.000000	
-8.433319	-2.039521	2.000000	
-7.389023	-3.980895	2.000000	
-8.808266	-0.102831	2.000000	
-8.486139	-3.521343	2.000000	
-7.507771	-3.224478	2.000000	
-8.020608	-3.198547	2.000000	
-8.061104	-2.476050	2.000000	
-6.892455	1.594419	2.000000	
-5.289953	2.685704	2.000000	
-6.460829	2.413500	2.000000	
-6.674590	-1.967655	2.000000	
-7.889667	0.009652	2.000000	
-7.724849	3.605743	2.000000	
-8.016055	1.491811	2.000000	
-5.081009	-2.663604	2.000000	
-6.333869	-2.663237	2.000000	
-7.240116	-3.066362	2.000000	
-6.425467	1.812786	2.000000	
-5.219657	2.878729	2.000000	
-7.418968	1.989770	2.000000	
3.511148	-5.342962	2.000000	
7.256215	-5.171267	2.000000	
6.802556	-7.919399	2.000000	
-3.226842	-4.054195	2.000000	
-2.625835	-5.185747	2.000000	
-6.661820	-5.191363	2.000000	
-2.520882	-6.975370	2.000000	
2.949403	-5.163395	2.000000	
-3.146808	-7.178440	2.000000	
-1.461344	-6.411803	2.000000	
1.033240	-5.494390	2.000000	
-1.067378	-7.645698	2.000000	
-1.700926	-7.571004	2.000000	
7.225422	-4.446764	2.000000	
6.802620	-4.057976	2.000000	
6.382657	-7.578046	2.000000	
7.698772	-4.467486	2.000000	
2.622549	-4.222343	2.000000	
6.961997	-7.022032	2.000000	
-7.033962	-7.179740	2.000000	
8.681904	-6.989742	2.000000	
-8.238097	-7.729416	2.000000	
0.709109	-7.028735	2.000000	
-1.087112	-5.165358	2.000000	
3.092822	-4.269941	2.000000	
-5.841580	-7.889316	2.000000	
3.100058	-5.198283	2.000000	
8.771851	-4.861095	2.000000	
-7.718228	-4.292123	2.000000	
6.314825	-4.589747	2.000000	
6.187791	-7.708788	2.000000	
5.486697	-7.142783	2.000000	
-7.846525	-5.932607	2.000000	
-4.744049	-4.203103	2.000000	
2.902055	-6.454494	2.000000	
7.887700	-4.962283	2.000000	
-5.588786	-5.104435	2.000000	
1.142092	-5.333068	2.000000	
-2.886612	-7.093300	2.000000	
-7.715628	-5.779394	2.000000	
-4.643645	-7.315557	2.000000	
2.378318	-4.668528	2.000000	
-3.200391	-5.886552	2.000000	
-3.103568	-7.068964	2.000000	
-4.342845	-6.067263	2.000000	
5.225204	-7.582186	2.000000	
-0.562779	-7.725221	2.000000	
-2.201357	-5.183514	2.000000	
-4.835245	-7.403078	2.000000	
-3.701300	-5.161448	2.000000	
-8.742618	-6.947555	2.000000	
-0.571821	-6.373528	2.000000	
3.878768	-5.615805	2.000000	
-3.754289	-4.170347	2.000000	
-2.285606	-4.526048	2.000000	
-0.321719	-6.261223	2.000000	
0.755281	-5.645650	2.000000	
2.088211	-6.688969	2.000000	
4.889864	-6.655119	2.000000	
-2.479371	-7.256688	2.000000	
8.520430	-4.126122	2.000000	
-5.030819	-4.113121	2.000000	
2.329953	-6.094023	2.000000	
-6.902960	-4.378145	2.000000	
1.507939	-6.397187	2.000000	
-4.771305	-5.588954	2.000000	
-5.783210	-7.861774	2.000000	
-8.730987	-5.389276	2.000000	
6.814168	-5.537486	2.000000	
-1.558378	-4.979641	2.000000	
1.569278	-7.305513	2.000000	
-2.466678	-5.714603	2.000000	
-2.447253	-5.627578	2.000000	
-7.948993	-5.866065	2.000000	
7.229952	-5.112455	2.000000	
-2.550536	-5.542373	2.000000	
7.683281	-7.587953	2.000000	
-3.589498	-6.795601	2.000000	
-5.434094	-6.065014	2.000000	
8.098316	-7.128661	2.000000	
6.859199	-7.285037	2.000000	
1.777121	-7.893767	2.000000	
2.676835	-5.703427	2.000000	
-3.044201	-7.470642	2.000000	
-7.379887	-4.582733	2.000000	
-6.768759	-6.895138	2.000000	
2.834464	-7.700300	2.000000	
-6.795949	-5.519226	2.000000	
1.464980	-5.618870	2.000000	
-2.948644	-6.774456	2.000000	
2.343544	-7.234389	2.000000	
-6.584677	-7.734196	2.000000	
-8.980262	-5.982710	2.000000	
8.341516	-7.915288	2.000000	
8.722610	-6.023748	2.000000	
-7.313894	-5.223279	2.000000	
3.376775	-4.660081	2.000000	
-8.052508	-4.556614	2.000000	
-4.975231	-5.257633	2.000000	
0.657658	-6.808677	2.000000	
-2.850334	-6.947404	2.000000	
-8.294709	-4.819971	2.000000	
-3.435295	-6.924985	2.000000	
-2.386169	-5.903047	2.000000	
-5.686093	-5.483205	2.000000	
8.103625	-4.105532	2.000000	
1.054693	-4.431703	2.000000	
-3.642700	-4.311089	2.000000	
2.118911	-5.660554	2.000000	
-6.576137	-7.035342	2.000000	
-8.928935	-5.580063	2.000000	
-0.577281	-6.504722	2.000000	
-4.598632	-7.793499	2.000000	
-3.045741	-4.952687	2.000000	
1.441654	-7.253487	2.000000	
-7.082394	-4.589851	2.000000	
7.866859	-4.640618	2.000000	
-1.713577	-7.573171	2.000000	
3.732116	-6.261180	2.000000	
8.674412	-7.329422	2.000000	
-8.217337	-4.210259	2.000000	
-7.942440	-7.042870	2.000000	
6.553492	-5.981951	2.000000	
-7.188553	-6.294146	2.000000	
-0.509668	-7.008027	2.000000	
3.343319	-7.731596	2.000000	
-6.747502	-5.542067	2.000000	
5.722179	-5.490119	2.000000	
3.876640	-5.753892	2.000000	
3.949751	-6.871641	2.000000	
-2.457271	-6.957960	2.000000	
5.290778	-5.726806	2.000000	
1.106640	-5.227574	2.000000	
-1.859835	-6.910847	2.000000	
7.312686	-5.697037	2.000000	
1.612581	-4.712405	2.000000	
-8.705683	-6.605897	2.000000	
-8.164775	-6.522655	2.000000	
8.585316	-6.451105	2.000000	
-4.623975	-7.597285	2.000000	
-3.015132	-6.789477	2.000000	
2.937454	-7.213630	2.000000	
8.124698	-7.178786	2.000000	
7.788458	-6.150453	2.000000	
-4.382414	-5.352979	2.000000	
-2.964547	-7.428442	2.000000	
-6.775675	-4.066367	2.000000	
6.061673	-7.684848	2.000000	
-3.172156	-6.692868	2.000000	
-6.938185	-5.733173	2.000000	
-3.990327	-6.908280	2.000000	
-2.746296	-4.278920	2.000000	
4.321336	-5.149232	2.000000	
1.540447	-6.947431	2.000000	
7.587825	-7.345749	2.000000	
3.482845	-6.447940	2.000000	
-0.773236	-7.422683	2.000000	
3.872779	-7.647531	2.000000	
7.291346	-5.668244	2.000000	
-5.457734	-4.990164	2.000000	
-0.806780	-5.176274	2.000000	
-3.106787	-4.525659	2.000000	
-4.897214	-7.596716	2.000000	
8.072853	-6.165066	2.000000	
1.285527	-7.550548	2.000000	
8.140534	-4.397344	2.000000	
1.041718	-5.368281	2.000000	
-3.886818	-6.307299	2.000000	
-6.746811	-6.425914	2.000000	
-7.151081	-6.743337	2.000000	
-7.748359	-5.484329	2.000000	
-8.244468	-4.263802	2.000000	
-3.929719	-7.775011	2.000000	
1.143234	-5.997565	2.000000	
8.988894	-7.692206	2.000000	
8.470706	-4.968295	2.000000	
3.903096	-4.233419	2.000000	
8.132101	-5.648120	2.000000	
-1.532080	-4.720826	2.000000	
-0.649178	-5.492661	2.000000	
6.669852	-5.557763	2.000000	
5.826054	-5.339748	2.000000	
2.144394	-5.205072	2.000000	
1.041014	-5.166921	2.000000	
-6.114837	-6.393704	2.000000	
1.035775	-7.404095	2.000000	
-7.104850	-7.914755	2.000000	
1.708498	-4.218733	2.000000	
-1.490977	-4.956872	2.000000	
-5.182613	-6.278167	2.000000	
4.797085	-5.009785	2.000000	
7.550794	-6.627450	2.000000	
-1.540337	-4.437347	2.000000	
-6.588025	-4.489129	2.000000	
6.056967	-4.823621	2.000000	
4.784443	-7.036603	2.000000	
-6.275120	-6.069315	2.000000	
-3.728205	-5.329924	2.000000	
4.222217	-7.481339	2.000000	
2.762853	-6.016959	2.000000	
17.331383	11.309121	3.000000	
14.538073	9.259613	3.000000	
22.071437	11.877955	3.000000	
8.513358	8.812058	3.000000	
10.932321	9.502895	3.000000	
17.463753	9.510386	3.000000	
6.146862	8.594886	3.000000	
14.139347	9.359261	3.000000	
21.155660	9.202092	3.000000	
14.174486	8.823378	3.000000	
20.461627	10.433395	3.000000	
12.823361	9.035512	3.000000	
8.552048	8.210175	3.000000	
17.943779	9.961655	3.000000	
16.995250	9.535988	3.000000	
7.151835	11.986866	3.000000	
14.306021	10.947604	3.000000	
15.504213	11.387010	3.000000	
18.815680	8.696561	3.000000	
22.605385	9.777719	3.000000	
6.043721	11.774218	3.000000	
10.970643	11.757286	3.000000	
12.153020	10.111860	3.000000	
6.909622	11.833107	3.000000	
5.233861	10.435093	3.000000	
22.346405	10.004431	3.000000	
17.712666	9.965479	3.000000	
11.516129	8.616313	3.000000	
15.273423	8.018579	3.000000	
7.268743	8.086242	3.000000	
21.902377	10.931038	3.000000	
12.427045	9.422172	3.000000	
15.644838	8.978915	3.000000	
15.444918	8.229546	3.000000	
18.125671	8.055026	3.000000	
9.475706	10.475564	3.000000	
7.199867	10.647811	3.000000	
8.220621	8.743413	3.000000	
11.504537	9.864762	3.000000	
11.107897	10.377480	3.000000	
8.699313	10.528599	3.000000	
19.942810	10.292157	3.000000	
13.807155	11.611657	3.000000	
17.536902	8.434600	3.000000	
19.972573	8.850467	3.000000	
12.885501	10.093106	3.000000	
10.532812	11.609900	3.000000	
13.822397	11.811560	3.000000	
19.220855	11.073442	3.000000	
12.018986	11.813130	3.000000	
12.832355	9.053200	3.000000	
18.198733	9.434364	3.000000	
18.006938	10.178035	3.000000	
8.778303	10.305108	3.000000	
12.601672	10.240991	3.000000	
7.468626	11.271124	3.000000	
14.851284	11.784473	3.000000	
10.938368	10.732630	3.000000	
6.590877	11.437144	3.000000	
19.779641	8.005521	3.000000	
16.441319	8.008438	3.000000	
16.359097	8.415021	3.000000	
21.855176	9.453511	3.000000	
20.537483	11.222601	3.000000	
11.427982	9.781616	3.000000	
9.850153	10.899340	3.000000	
18.373647	10.597279	3.000000	
5.240955	8.414175	3.000000	
9.917748	8.708127	3.000000	
8.675843	8.702575	3.000000	
13.495955	10.440301	3.000000	
17.786281	11.079071	3.000000	
21.496736	10.161433	3.000000	
13.117594	11.886382	3.000000	
21.217738	10.718777	3.000000	
13.513175	9.096540	3.000000	
22.434679	11.447723	3.000000	
16.030405	8.280334	3.000000	
19.693241	10.903270	3.000000	
12.982328	10.437281	3.000000	
7.203390	11.333584	3.000000	
6.356966	9.781897	3.000000	
13.147426	11.559644	3.000000	
7.524093	9.077616	3.000000	
11.468465	9.770427	3.000000	
11.908276	11.108524	3.000000	
16.456283	8.684106	3.000000	
6.746371	11.853244	3.000000	
12.209744	10.957179	3.000000	
13.691339	8.158895	3.000000	
8.754008	11.665845	3.000000	
13.776311	11.045277	3.000000	
10.925059	9.699084	3.000000	
15.167538	9.424938	3.000000	
13.437591	8.804767	3.000000	
16.176853	11.740949	3.000000	
16.008134	9.245268	3.000000	
17.162883	11.521207	3.000000	
19.298727	10.372148	3.000000	
22.385776	10.151070	3.000000	
8.671727	10.011180	3.000000	
19.197226	8.205360	3.000000	
14.950185	9.059758	3.000000	
21.823609	9.098413	3.000000	
10.796807	8.494279	3.000000	
18.381757	10.698575	3.000000	
17.334690	11.725717	3.000000	
21.994517	11.143648	3.000000	
17.341756	11.285358	3.000000	
18.925091	10.482063	3.000000	
9.957655	10.274073	3.000000	
10.089732	9.214177	3.000000	
19.706806	10.062863	3.000000	
20.247250	10.071849	3.000000	
15.110257	8.443908	3.000000	
7.180596	10.202635	3.000000	
8.694764	9.790366	3.000000	
21.715782	9.110376	3.000000	
15.911248	10.165395	3.000000	
19.917574	11.461764	3.000000	
7.406544	10.751543	3.000000	
11.671701	11.512331	3.000000	
6.155172	10.756164	3.000000	
21.662377	8.377014	3.000000	
18.091878	8.714715	3.000000	
14.906357	8.258453	3.000000	
22.434767	9.458564	3.000000	
21.464591	9.382136	3.000000	
21.161591	10.291507	3.000000	
5.478609	8.015273	3.000000	
14.455713	10.081236	3.000000	
8.041294	10.902379	3.000000	
20.722910	8.656942	3.000000	
5.320523	11.228825	3.000000	
17.533381	9.601691	3.000000	
6.577917	10.696799	3.000000	
11.977387	11.074267	3.000000	
13.364228	10.638312	3.000000	
12.866345	11.992278	3.000000	
9.608291	9.841638	3.000000	
9.201874	11.300619	3.000000	
17.333707	11.177004	3.000000	
7.725808	8.871166	3.000000	
6.512428	9.609792	3.000000	
13.186700	11.964432	3.000000	
17.016673	11.499014	3.000000	
20.667270	8.960680	3.000000	
22.818435	10.277730	3.000000	
20.849018	8.968096	3.000000	
9.261687	11.899073	3.000000	
22.933145	9.612080	3.000000	
6.905644	11.897316	3.000000	
7.099118	8.121642	3.000000	
12.692286	8.587534	3.000000	
20.748820	8.998708	3.000000	
13.736190	11.237261	3.000000	
13.602820	9.784360	3.000000	
14.244614	10.015735	3.000000	
17.167417	11.403074	3.000000	
21.531539	10.105512	3.000000	
13.964131	11.590298	3.000000	
22.719641	10.393045	3.000000	
5.270586	10.551351	3.000000	
12.802056	8.459088	3.000000	
14.815646	8.482260	3.000000	
21.230648	9.073056	3.000000	
17.345480	11.916877	3.000000	
11.021006	9.522571	3.000000	
21.876606	9.306156	3.000000	
9.011350	8.798869	3.000000	
9.683156	8.925410	3.000000	
22.046102	9.382199	3.000000	
7.933972	11.200042	3.000000	
15.581052	8.954134	3.000000	
6.706619	11.186184	3.000000	
17.586056	11.740289	3.000000	
6.721662	8.492126	3.000000	
9.830223	8.354185	3.000000	
16.415514	10.583496	3.000000	
16.369310	8.595038	3.000000	
5.175756	9.763766	3.000000	
6.887290	10.225556	3.000000	
14.592285	8.731263	3.000000	
18.937972	10.145271	3.000000	
20.211297	10.060405	3.000000	
10.511436	10.202306	3.000000	
21.218714	8.927874	3.000000	
13.676389	10.098041	3.000000	
9.084000	11.018162	3.000000	
13.007220	9.219459	3.000000	
5.295289	10.787300	3.000000	
5.052653	10.318045	3.000000	
13.911860	11.906709	3.000000	
21.312798	10.310781	3.000000	
5.394656	9.330809	3.000000	
16.172703	10.421623	3.000000	
11.113506	8.581846	3.000000	
10.656873	11.727601	3.000000	
14.565936	10.128987	3.000000	
14.831286	8.785060	3.000000	
13.247164	5.942426	3.000000	
14.530205	4.263982	3.000000	
14.769454	6.222099	3.000000	
15.487428	-0.794345	3.000000	
12.585758	-5.272460	3.000000	
14.538249	-0.321029	3.000000	
15.197431	3.528113	3.000000	
14.210171	-6.436474	3.000000	
13.649443	2.544081	3.000000	
13.971213	-6.625734	3.000000	
14.053822	-6.826519	3.000000	
13.355293	-0.683428	3.000000	
12.880090	-4.168977	3.000000	
12.306892	1.252161	3.000000	
15.256004	7.347200	3.000000	
14.746763	6.705808	3.000000	
14.703429	-5.321569	3.000000	
13.389523	5.898262	3.000000	
14.775140	7.409626	3.000000	
15.498343	-5.026758	3.000000	
15.503788	6.441640	3.000000	
12.370092	2.137498	3.000000	
14.078996	-6.980300	3.000000	
12.954251	4.407480	3.000000	
15.362280	2.399932	3.000000	
15.550642	-6.780668	3.000000	
14.794882	-0.003270	3.000000	
13.798705	0.890337	3.000000	
13.613534	3.938979	3.000000	
12.682784	-2.301714	3.000000	
14.238074	-2.709806	3.000000	
15.364549	-2.832835	3.000000	
12.209546	3.464902	3.000000	
14.154130	0.093135	3.000000	
15.893030	-2.209547	3.000000	
14.483292	-7.488947	3.000000	
14.827042	-4.693754	3.000000	
13.021064	4.911953	3.000000	
15.777857	4.335805	3.000000	
14.748507	-2.000207	3.000000	
12.484209	7.857012	3.000000	
15.025246	1.377148	3.000000	
12.902080	-4.616059	3.000000	
14.066072	-6.318702	3.000000	
14.597568	2.838584	3.000000	
14.918265	2.984238	3.000000	
14.153175	-6.372305	3.000000	
14.681705	-7.555245	3.000000	
13.354877	5.301389	3.000000	
15.513317	6.917909	3.000000	
13.810172	2.277220	3.000000	
14.581582	-6.017463	3.000000	
15.634216	5.982892	3.000000	
13.451562	-1.529415	3.000000	
12.136311	-5.700941	3.000000	
12.298165	2.880230	3.000000	
12.109339	1.298519	3.000000	
13.022650	-7.712901	3.000000	
12.280698	-5.212949	3.000000	
13.247863	-0.831492	3.000000	
12.575524	-7.907884	3.000000	
14.633097	2.721985	3.000000	
15.038268	-4.076253	3.000000	
15.664844	-2.995537	3.000000	
13.809199	4.184239	3.000000	
12.941536	2.837183	3.000000	
12.305271	-2.031338	3.000000	
12.000602	-7.785208	3.000000	
14.372097	3.469732	3.000000	
13.444529	-1.210952	3.000000	
13.377654	-0.368493	3.000000	
12.389052	0.633398	3.000000	
14.081014	-0.560928	3.000000	
13.317138	-0.577775	3.000000	
14.304933	0.560026	3.000000	
12.705995	-0.024848	3.000000	
15.784578	-2.094292	3.000000	
13.539746	5.079360	3.000000	
14.739358	-4.645341	3.000000	
14.135651	-7.676616	3.000000	
13.891965	-6.411431	3.000000	
15.199602	6.880296	3.000000	
14.208588	6.878057	3.000000	
15.059200	-0.569438	3.000000	
12.035763	-3.968670	3.000000	
15.189989	1.820046	3.000000	
12.208113	6.920243	3.000000	
14.757407	1.434745	3.000000	
15.145029	-7.836002	3.000000	
14.152804	6.219082	3.000000	
12.733211	-6.627147	3.000000	
14.055078	0.545149	3.000000	
12.474686	-0.538841	3.000000	
12.858182	-5.713020	3.000000	
15.650410	-6.302959	3.000000	
12.243578	-0.429896	3.000000	
14.031590	3.547442	3.000000	
14.696719	0.614440	3.000000	
15.500916	-3.135299	3.000000	
15.157295	7.101193	3.000000	
14.423051	7.470952	3.000000	
15.366095	-5.920412	3.000000	
14.680379	-4.376422	3.000000	
12.950619	-7.821615	3.000000	
13.509177	6.506868	3.000000	
14.439829	4.587169	3.000000	
13.945531	5.378577	3.000000	
12.169966	0.034707	3.000000	
14.088485	6.871601	3.000000	
15.611046	-6.589627	3.000000	
15.323668	4.927893	3.000000	
14.279484	5.116750	3.000000	
15.276460	-3.537298	3.000000	
13.314684	6.489982	3.000000	
12.079317	-7.609186	3.000000	
14.092921	-5.594539	3.000000	
13.788721	7.350016	3.000000	
12.189813	5.576722	3.000000	
13.467184	6.732182	3.000000	
14.376797	3.609674	3.000000	
14.725590	0.402438	3.000000	
12.984766	-2.012542	3.000000	
12.549936	1.061296	3.000000	
14.281888	-0.100108	3.000000	
12.099593	-6.707212	3.000000	
14.372254	2.211214	3.000000	
12.550239	-0.884982	3.000000	
15.241845	1.787230	3.000000	
15.150270	-2.255749	3.000000	
13.493314	1.017180	3.000000	
13.589612	-3.294329	3.000000	
15.501752	1.401926	3.000000	
13.837884	2.146270	3.000000	
15.368126	7.356664	3.000000	
13.860278	5.121302	3.000000	
12.411848	-0.591083	3.000000	
12.686765	4.681586	3.000000	
13.823313	-1.449945	3.000000	
13.531427	0.143706	3.000000	
12.089890	5.127289	3.000000	
13.316089	3.429536	3.000000	
12.352390	-7.673361	3.000000	
12.554681	0.054002	3.000000	
13.208087	-5.024583	3.000000	
13.935401	-1.132615	3.000000	
15.641717	5.917495	3.000000	
15.456540	5.372218	3.000000	
14.427589	-4.162915	3.000000	
12.348270	-0.499010	3.000000	
15.196430	-7.407664	3.000000	
13.980326	-6.429396	3.000000	
13.736095	-1.375466	3.000000	
15.351854	2.365390	3.000000	
12.263774	-6.501686	3.000000	
14.311284	2.635964	3.000000	
12.056390	-7.361698	3.000000	
15.108635	-3.903684	3.000000	
14.853492	6.841715	3.000000	
14.622219	-0.382139	3.000000	
13.290156	-7.423628	3.000000	
12.572220	3.502489	3.000000	
13.709384	-5.767440	3.000000	
14.795600	5.182206	3.000000	
13.233929	-5.937974	3.000000	
12.566106	-5.615047	3.000000	
15.774040	-6.418217	3.000000	
15.598275	6.354154	3.000000	
12.722599	-7.529749	3.000000	
12.485059	1.571942	3.000000	
12.266602	-6.325968	3.000000	
15.487838	4.985745	3.000000	
12.307322	-0.382110	3.000000	
14.389248	-4.066702	3.000000	
15.573017	-5.124477	3.000000	
14.888828	1.803921	3.000000	
12.257180	6.661645	3.000000	
12.890628	-0.074632	3.000000	
13.690142	7.203587	3.000000	
13.045353	7.209361	3.000000	
14.957070	3.004446	3.000000	
13.155245	-5.470085	3.000000	
14.883035	2.007593	3.000000	
13.144744	5.725856	3.000000	
15.595777	-4.772741	3.000000	
14.115595	-6.128129	3.000000	
13.980720	-6.625349	3.000000	
15.095008	-6.135330	3.000000	
12.997892	-7.605249	3.000000	
12.252832	-2.998316	3.000000	
12.906581	4.037287	3.000000	
15.799548	-3.001381	3.000000	
12.674085	-6.244084	3.000000	
15.367696	1.923316	3.000000	
15.740141	-0.267279	3.000000	
12.533276	1.510463	3.000000	
14.717034	5.055607	3.000000	
14.615303	-7.209266	3.000000	
13.183563	2.378491	3.000000	
14.621098	-5.458892	3.000000	
12.906189	-4.263480	3.000000	
26.227978	10.699136	4.000000	
28.448956	-2.488092	4.000000	
25.886076	3.724238	4.000000	
27.939926	5.967624	4.000000	
25.998125	11.526644	4.000000	
28.744047	-6.957665	4.000000	
27.074084	6.117470	4.000000	
27.589499	2.698036	4.000000	
28.178290	8.583853	4.000000	
28.041817	-2.220124	4.000000	
25.091261	3.619155	4.000000	
25.892857	10.981464	4.000000	
26.020148	-5.825020	4.000000	
28.560455	9.999626	4.000000	
25.889893	-2.735294	4.000000	
26.241174	11.890015	4.000000	
25.993877	-1.704738	4.000000	
28.891614	-0.816195	4.000000	
26.955095	-6.423897	4.000000	
28.167648	-2.480240	4.000000	
26.685275	-1.174642	4.000000	
25.488196	-6.683896	4.000000	
28.038971	5.001291	4.000000	
26.561017	-2.895647	4.000000	
28.669831	4.338412	4.000000	
28.648804	11.910202	4.000000	
26.182163	10.875241	4.000000	
28.556481	-4.718655	4.000000	
25.222042	5.962133	4.000000	
25.860911	-0.364627	4.000000	
26.162022	8.358883	4.000000	
26.485280	-5.070933	4.000000	
26.242494	-0.736091	4.000000	
28.500385	9.834837	4.000000	
28.060500	-6.098178	4.000000	
27.911203	-1.319425	4.000000	
26.037864	-4.576447	4.000000	
28.186498	-7.246816	4.000000	
26.907552	5.954459	4.000000	
27.067020	4.984049	4.000000	
27.948393	10.587012	4.000000	
27.257446	4.386793	4.000000	
26.181245	3.148038	4.000000	
26.676526	8.049078	4.000000	
28.566258	11.137822	4.000000	
25.504169	-2.585505	4.000000	
28.021191	-0.360547	4.000000	
25.881119	-1.841076	4.000000	
25.812117	11.185996	4.000000	
26.860332	4.140824	4.000000	
27.050118	5.282503	4.000000	
28.550904	2.904873	4.000000	
27.667780	-4.903971	4.000000	
26.654344	-6.791098	4.000000	
26.326344	0.026375	4.000000	
27.892484	-0.571543	4.000000	
25.624315	-1.294482	4.000000	
25.440801	-0.511934	4.000000	
26.545093	-4.808814	4.000000	
26.526183	0.849974	4.000000	
26.837958	5.175400	4.000000	
26.406216	-4.542207	4.000000	
28.182514	11.930650	4.000000	
27.625976	10.644697	4.000000	
27.545315	6.036245	4.000000	
25.208043	1.732627	4.000000	
26.669431	-3.919120	4.000000	
25.162551	-2.391656	4.000000	
26.035607	1.857723	4.000000	
28.239229	1.253878	4.000000	
27.974536	9.783513	4.000000	
26.859002	8.075080	4.000000	
25.515388	-1.695119	4.000000	
26.205773	-6.119751	4.000000	
26.883610	6.247515	4.000000	
25.590911	-0.714828	4.000000	
25.259024	-2.493299	4.000000	
25.006305	-0.897855	4.000000	
28.645818	8.089116	4.000000	
26.139492	-7.838884	4.000000	
26.878987	1.171608	4.000000	
26.706766	-1.182631	4.000000	
26.227952	4.369146	4.000000	
27.440929	-4.126719	4.000000	
25.888770	-0.507597	4.000000	
26.508718	-0.495897	4.000000	
27.649202	10.003236	4.000000	
26.700466	1.130710	4.000000	
25.604029	-2.826632	4.000000	
26.907504	9.157222	4.000000	
28.696215	1.027445	4.000000	
25.733727	0.545096	4.000000	
25.820670	11.923024	4.000000	
25.855918	11.473280	4.000000	
28.913894	4.261641	4.000000	
25.671481	-5.683604	4.000000	
25.118358	6.748403	4.000000	
25.437800	9.315628	4.000000	
28.156624	4.602400	4.000000	
26.318540	8.327226	4.000000	
28.279357	-5.247047	4.000000	
27.726980	7.384115	4.000000	
25.499903	-7.489641	4.000000	
26.710099	0.235199	4.000000	
26.567511	-2.709628	4.000000	
25.967049	-2.741269	4.000000	
28.426839	3.046457	4.000000	
26.820353	1.174965	4.000000	
26.134677	5.009950	4.000000	
26.936978	9.370631	4.000000	
28.827546	8.249054	4.000000	
25.963642	-3.297489	4.000000	
26.291919	3.708041	4.000000	
25.231366	-3.337965	4.000000	
28.891104	6.112365	4.000000	
26.102097	-6.458102	4.000000	
28.786016	-3.139774	4.000000	
25.317011	5.103055	4.000000	
25.778837	4.916445	4.000000	
26.827005	-1.204242	4.000000	
27.599812	9.811227	4.000000	
27.006846	3.657754	4.000000	
25.752882	4.826998	4.000000	
25.528746	-0.784064	4.000000	
28.912049	-2.990729	4.000000	
26.235462	-6.322610	4.000000	
25.193941	6.732917	4.000000	
25.158172	11.339944	4.000000	
28.359253	7.317129	4.000000	
25.074136	9.205830	4.000000	
28.941999	9.669322	4.000000	
26.122030	-0.829255	4.000000	
28.660864	-6.347747	4.000000	
26.495426	-7.915939	4.000000	
27.601772	6.639122	4.000000	
27.756603	-2.947371	4.000000	
25.081344	-4.353647	4.000000	
28.758627	7.821880	4.000000	
26.120127	-3.067558	4.000000	
25.818204	-7.327531	4.000000	
26.068000	8.258936	4.000000	
28.318604	-7.947745	4.000000	
28.078081	-2.421446	4.000000	
27.990187	-0.618387	4.000000	
28.330036	8.723802	4.000000	
27.231364	9.165865	4.000000	
28.427864	-3.779675	4.000000	
26.869475	3.544754	4.000000	
25.647228	-5.664746	4.000000	
27.007190	0.848115	4.000000	
28.583092	10.703982	4.000000	
28.275954	11.489658	4.000000	
27.249369	3.837439	4.000000	
26.558484	-7.324815	4.000000	
25.343246	0.807542	4.000000	
27.000599	-5.078577	4.000000	
25.304792	-5.795234	4.000000	
26.061168	-0.809885	4.000000	
27.270921	3.131434	4.000000	
27.657158	6.481477	4.000000	
25.411729	8.095090	4.000000	
28.669755	-5.260073	4.000000	
27.886887	5.965392	4.000000	
25.221260	-2.769049	4.000000	
26.684105	2.203313	4.000000	
27.215363	1.964919	4.000000	
27.364654	-6.136813	4.000000	
25.619528	3.931177	4.000000	
27.026590	-4.890187	4.000000	
26.482186	-7.274292	4.000000	
26.148048	4.927924	4.000000	
26.502839	6.429432	4.000000	
26.578426	9.775823	4.000000	
26.179375	11.743261	4.000000	
26.758562	-2.852531	4.000000	
26.627849	9.237166	4.000000	
27.895149	10.168232	4.000000	
28.454558	4.843402	4.000000	
26.663988	7.400467	4.000000	
25.789941	-7.497483	4.000000	
26.896802	3.425699	4.000000	
27.707938	3.301786	4.000000	
28.314569	8.795279	4.000000	
28.205104	-6.951515	4.000000	
25.729979	10.828928	4.000000	
28.619886	10.780707	4.000000	
27.506476	-4.900063	4.000000	
25.052324	11.073769	4.000000	
28.569997	8.222598	4.000000	
25.348748	4.739615	4.000000	
27.121754	10.060321	4.000000	
25.429155	4.437035	4.000000	
26.405641	-7.401085	4.000000	
27.788232	7.495606	4.000000	
25.421127	3.334239	4.000000	
25.127582	1.235501	4.000000	
26.092160	-2.071225	4.000000	
28.468765	-1.989094	4.000000	
28.607432	3.524144	4.000000	
27.742663	7.880511	4.000000	
28.792020	2.806914	4.000000	
25.379427	-2.611817	4.000000	
25.894648	-1.456584	4.000000	
25.894376	1.976533	4.000000	
27.277746	-2.979716	4.000000	
26.704478	0.935475	4.000000	
26.027101	-7.942099	4.000000	
25.758190	-4.066480	4.000000	
26.179862	-2.140742	4.000000	
25.645396	6.342073	4.000000	
25.745338	-3.829041	4.000000	
28.213880	5.135742	4.000000	
28.655030	11.435200	4.000000	
25.176162	-5.734284	4.000000	
27.555703	-3.406551	4.000000	
25.445438	5.306497	4.000000	
26.894818	-5.874356	4.000000	
28.704622	11.778613	4.000000	
28.680904	10.865737	4.000000	
27.798835	7.037352	4.000000	
25.299831	1.790359	4.000000	
25.897261	1.816618	4.000000	
26.770882	6.088452	4.000000	
25.532332	10.861894	4.000000	
26.585438	11.139555	4.000000	
27.758009	-0.887982	4.000000	
26.131396	1.013827	4.000000	
25.955670	11.285374	4.000000	
28.860464	8.310226	4.000000	
28.529737	-7.662499	4.000000	
25.056316	3.280064	4.000000	
28.214211	8.852782	4.000000	
27.620344	6.908394	4.000000	
28.143183	3.854174	4.000000	
27.976811	-4.483855	4.000000	
28.762183	10.221126	4.000000	
25.995393	3.523401	4.000000	
26.778716	0.953290	4.000000	
28.172867	0.729609	4.000000	
25.314329	11.466524	4.000000	
28.837478	-5.294817	4.000000	
28.768589	2.830417	4.000000	
28.546096	2.543620	4.000000	
25.374489	8.266163	4.000000	
28.783952	-7.272348	4.000000	
26.314057	9.835912	4.000000	
28.329874	-6.369576	4.000000	
27.419136	9.607010	4.000000	
28.029226	9.197252	4.000000	
25.134654	4.749386	4.000000	
27.196271	6.934263	4.000000	
26.678005	1.574551	4.000000	
28.039639	6.644343	4.000000	
28.157112	-2.826799	4.000000	
25.931710	6.913544	4.000000	
27.486317	1.132684	4.000000	
25.814111	-2.870636	4.000000	
26.418310	10.750434	4.000000	
25.534552	10.278725	4.000000	
25.194358	-5.333524	4.000000	
28.456485	-0.220282	4.000000	
28.911553	-6.219189	4.000000	
26.900766	0.394071	4.000000	
25.954912	1.117985	4.000000	
26.581592	3.587097	4.000000	
28.022696	0.055123	4.000000	
28.667113	10.888838	4.000000	
25.843515	2.238838	4.000000	
28.923545	3.327064	4.000000	
28.562823	10.848440	4.000000	
25.482204	-0.602362	4.000000	
28.849371	10.193140	4.000000	
25.447515	6.850105	4.000000	
27.952352	10.133866	4.000000	
27.055552	-3.703329	4.000000	
25.043734	10.475983	4.000000	
27.442402	3.220933	4.000000	
26.579698	3.456816	4.000000	
27.271655	4.174326	4.000000	
25.522097	8.430067	4.000000	
25.662679	9.889213	4.000000	
26.754438	3.004495	4.000000	
26.187316	5.522211	4.000000	
26.840736	-3.336493	4.000000	
26.182199	-2.740133	4.000000	
27.049167	-5.562061	4.000000	
28.137633	-4.636933	4.000000	
25.007765	4.499795	4.000000	
28.652518	-6.418319	4.000000	
28.040508	2.465460	4.000000	
26.786311	2.019508	4.000000	
26.318701	-1.525015	4.000000	
25.515691	2.264606	4.000000	
25.039351	11.864235	4.000000	
25.536372	-7.206667	4.000000	
27.518466	2.316120	4.000000	
27.837380	9.904564	4.000000	
27.588199	2.071852	4.000000	
28.495917	1.489649	4.000000	
26.181134	7.808788	4.000000	
31.827167	4.796110	5.000000	
31.227955	6.989080	5.000000	
32.754749	6.481535	5.000000	
31.254149	7.339260	5.000000	
31.369585	6.398216	5.000000	
34.770406	0.817287	5.000000	
32.670890	8.670606	5.000000	
32.793930	-0.275062	5.000000	
32.182713	-0.294948	5.000000	
33.828895	-2.403094	5.000000	
33.802320	6.260152	5.000000	
34.068210	9.663025	5.000000	
33.421748	3.360438	5.000000	
34.687599	6.836863	5.000000	
31.096916	5.692388	5.000000	
33.942054	-1.940777	5.000000	
33.115024	-3.560894	5.000000	
31.153595	9.625495	5.000000	
33.396641	-2.102129	5.000000	
33.377437	1.367933	5.000000	
34.789131	9.046803	5.000000	
33.822126	-1.904521	5.000000	
33.028190	5.706539	5.000000	
33.097082	-0.380672	5.000000	
31.286547	1.149998	5.000000	
34.010990	11.665211	5.000000	
32.580463	-1.411540	5.000000	
31.467834	-3.449230	5.000000	
31.392673	5.518167	5.000000	
34.706852	6.889868	5.000000	
32.663789	-2.979262	5.000000	
31.396879	1.321995	5.000000	
34.838191	5.468229	5.000000	
34.405156	8.832403	5.000000	
31.504326	2.991523	5.000000	
33.173558	-1.557912	5.000000	
31.977222	1.306699	5.000000	
34.928097	2.313754	5.000000	
34.991523	1.785153	5.000000	
33.117253	9.712060	5.000000	
31.568742	4.874437	5.000000	
34.306269	-2.601335	5.000000	
33.807646	7.289684	5.000000	
34.610502	4.979251	5.000000	
32.624945	7.395509	5.000000	
31.060173	0.049254	5.000000	
34.182943	3.198485	5.000000	
32.497594	11.154272	5.000000	
32.241461	-3.725274	5.000000	
32.795505	7.825663	5.000000	
32.187663	8.764502	5.000000	
32.546022	-2.841697	5.000000	
33.087928	-0.536156	5.000000	
32.818426	4.693021	5.000000	
32.836163	-3.313583	5.000000	
33.440519	11.454540	5.000000	
34.709336	1.663038	5.000000	
34.545066	0.844507	5.000000	
33.720254	3.276139	5.000000	
34.634044	-1.595595	5.000000	
31.009296	2.926266	5.000000	
31.200777	6.243364	5.000000	
32.206802	5.132848	5.000000	
34.890391	-0.788734	5.000000	
32.630960	-2.383732	5.000000	
31.524465	-3.482816	5.000000	
31.001698	8.716980	5.000000	
33.871501	8.148360	5.000000	
32.611307	-0.077178	5.000000	
31.582155	11.612818	5.000000	
34.930062	-3.014198	5.000000	
34.605605	11.499042	5.000000	
34.087610	0.845104	5.000000	
32.895699	9.127372	5.000000	
34.202123	1.312020	5.000000	
33.281812	4.656123	5.000000	
32.058333	1.431177	5.000000	
34.530857	7.975432	5.000000	
33.622863	1.605196	5.000000	
33.906968	-3.286040	5.000000	
33.644808	1.882311	5.000000	
31.005874	-1.533170	5.000000	
32.528830	-1.081152	5.000000	
34.003311	7.666090	5.000000	
34.375818	11.488628	5.000000	
32.535771	8.316508	5.000000	
32.664580	2.828375	5.000000	
33.997922	-1.942651	5.000000	
31.563599	-0.694603	5.000000	
34.039045	6.429315	5.000000	
32.952013	0.332826	5.000000	
33.294371	-0.945020	5.000000	
32.203349	-3.017312	5.000000	
33.134711	10.240172	5.000000	
34.581175	4.564797	5.000000	
31.738812	-2.208559	5.000000	
33.244333	9.524277	5.000000	
32.849874	2.821359	5.000000	
33.093415	-3.653209	5.000000	
34.586099	-3.223495	5.000000	
34.147776	-1.517308	5.000000	
31.924132	-2.496215	5.000000	
33.802330	1.995634	5.000000	
32.035221	-3.141137	5.000000	
33.342873	-0.391042	5.000000	
34.154292	2.679971	5.000000	
31.427101	2.707224	5.000000	
32.858195	11.309710	5.000000	
34.804006	5.646849	5.000000	
33.104399	-1.859404	5.000000	
33.867891	9.813692	5.000000	
31.616547	11.538168	5.000000	
33.162258	0.181570	5.000000	
31.416395	-1.375538	5.000000	
33.278835	4.204313	5.000000	
32.210109	0.982441	5.000000	
32.945014	4.916337	5.000000	
34.751496	3.614847	5.000000	
31.170239	-0.375066	5.000000	
31.594469	1.321169	5.000000	
33.296629	-2.067227	5.000000	
32.583569	6.264194	5.000000	
31.193654	-3.894258	5.000000	
32.255696	7.708606	5.000000	
31.141276	-0.306701	5.000000	
34.816948	-0.581054	5.000000	
33.685293	-0.202852	5.000000	
33.220831	2.083663	5.000000	
33.531286	-0.814735	5.000000	
31.338175	2.141971	5.000000	
32.418573	11.494133	5.000000	
33.326989	-3.183976	5.000000	
34.074318	0.447511	5.000000	
31.400093	0.678224	5.000000	
34.878503	4.162492	5.000000	
32.510051	9.341789	5.000000	
32.755119	3.097782	5.000000	
34.003353	5.378203	5.000000	
34.610382	6.166523	5.000000	
34.571094	7.626825	5.000000	
33.187502	-1.053578	5.000000	
33.518412	3.526414	5.000000	
34.556221	-3.275600	5.000000	
31.612983	4.375352	5.000000	
32.956017	2.286632	5.000000	
34.822855	4.582760	5.000000	
31.960169	-0.974384	5.000000	
34.149290	-2.923912	5.000000	
33.755805	-1.416195	5.000000	
31.317737	5.936555	5.000000	
33.655559	3.764736	5.000000	
32.300752	10.049754	5.000000	
33.633605	5.728673	5.000000	
31.015426	-0.064194	5.000000	
33.901094	11.840435	5.000000	
31.278616	-3.125506	5.000000	
32.129424	4.091880	5.000000	
33.994312	0.178406	5.000000	
34.267943	-0.716209	5.000000	
34.119947	-0.170635	5.000000	
33.228264	2.158166	5.000000	
32.325693	5.222734	5.000000	
31.566286	-1.852199	5.000000	
34.509729	-3.352669	5.000000	
34.693733	-2.051864	5.000000	
31.764023	7.955868	5.000000	
32.473955	7.699993	5.000000	
31.446933	4.677170	5.000000	
31.284902	10.918370	5.000000	
32.073500	9.096250	5.000000	
33.502695	4.247696	5.000000	
34.877557	-2.905021	5.000000	
34.361817	8.423027	5.000000	
34.982024	9.278763	5.000000	
32.227417	9.075719	5.000000	
31.617904	0.521394	5.000000	
31.847814	-2.612224	5.000000	
32.178120	-2.557570	5.000000	
31.819694	10.502344	5.000000	
32.020129	8.224864	5.000000	
34.056055	11.238695	5.000000	
34.269458	-0.553459	5.000000	
34.509092	9.393450	5.000000	
32.994039	7.125190	5.000000	
31.327260	11.621646	5.000000	
34.793983	11.051226	5.000000	
31.843771	6.199602	5.000000	
33.466414	3.223950	5.000000	
32.104368	-3.493212	5.000000	
32.647958	-1.645809	5.000000	
31.382255	6.908056	5.000000	
32.575672	3.528931	5.000000	
33.009455	-1.004730	5.000000	
33.088369	-2.239856	5.000000	
33.055907	4.353661	5.000000	
34.547373	2.222699	5.000000	
33.481871	4.728165	5.000000	
33.513606	8.969774	5.000000	
34.392771	4.054056	5.000000	
34.310000	8.119773	5.000000	
33.013591	-5.794437	5.000000	
34.077104	-7.295327	5.000000	
36.430882	-6.554952	5.000000	
31.090463	-5.334070	5.000000	
34.418841	-7.513777	5.000000	
34.693109	-5.578797	5.000000	
33.851904	-8.542584	5.000000	
33.092881	-7.766710	5.000000	
32.907463	-3.244281	5.000000	
33.593773	-8.640190	5.000000	
35.303646	-4.790478	5.000000	
32.751220	-4.068468	5.000000	
36.837645	-6.373882	5.000000	
34.974036	-5.888625	5.000000	
33.694918	-3.412436	5.000000	
32.974901	-3.443617	5.000000	
33.880882	-7.533061	5.000000	
35.006488	-5.321352	5.000000	
32.746205	-5.944800	5.000000	
34.840219	-3.155827	5.000000	
32.901279	-4.591600	5.000000	
33.734742	-4.245506	5.000000	
32.779575	-6.028213	5.000000	
35.983930	-4.984924	5.000000	
36.242837	-5.749030	5.000000	
34.112466	-5.019690	5.000000	
32.928259	-5.013806	5.000000	
34.589070	-7.611178	5.000000	
32.999771	-7.810891	5.000000	
33.350211	-6.445561	5.000000	
32.698243	-5.649575	5.000000	
34.178748	-8.801625	5.000000	
36.058300	-4.560488	5.000000	
34.167275	-4.297142	5.000000	
33.154519	-6.219056	5.000000	
34.843025	-5.809904	5.000000	
32.966455	-8.374503	5.000000	
33.914164	-3.539038	5.000000	
34.545172	-6.981277	5.000000	
32.745343	-7.104870	5.000000	
35.123066	-3.887784	5.000000	
32.911778	-5.448409	5.000000	
32.538636	-7.473881	5.000000	
31.444778	-7.223023	5.000000	
34.148104	-5.553603	5.000000	
33.178151	-7.547365	5.000000	
34.855223	-4.998469	5.000000	
35.441697	-6.465581	5.000000	
31.524575	-7.275228	5.000000	
35.769440	-6.985199	5.000000	
31.738680	-6.382665	5.000000	
33.998929	-6.041678	5.000000	
34.852964	-4.570624	5.000000	
36.214500	-6.447895	5.000000	
32.999814	-6.167255	5.000000	
33.103535	-3.366320	5.000000	
34.009801	-8.908742	5.000000	
35.515862	-6.099083	5.000000	
35.281486	-6.288321	5.000000	
33.027999	-5.997589	5.000000	
33.274510	-7.524877	5.000000	
34.953319	-6.565911	5.000000	
35.239023	-7.167304	5.000000	
31.668363	-6.864658	5.000000	
35.634746	-5.848608	5.000000	
34.508339	-4.381031	5.000000	
36.738949	-6.426408	5.000000	
35.963750	-5.235961	5.000000	
32.408058	-6.709746	5.000000	
32.864961	-7.784743	5.000000	
32.530881	-4.625949	5.000000	
32.073761	-5.843473	5.000000	
32.554605	-4.030443	5.000000	
31.459845	-5.941475	5.000000	
31.604966	-6.436927	5.000000	
33.053738	-3.314117	5.000000	
33.050023	-6.363234	5.000000	
32.408997	-7.763070	5.000000	
34.009297	-4.631799	5.000000	
31.978140	-7.584885	5.000000	
32.060274	-6.737342	5.000000	
32.765116	-4.265817	5.000000	
33.822798	-5.771323	5.000000	
34.693653	-5.429606	5.000000	
34.784932	-7.948032	5.000000	
31.306642	-5.718747	5.000000	
32.529857	-8.276198	5.000000	
34.062681	-7.426671	5.000000	
32.527312	-6.504784	5.000000	
35.119777	-5.617197	5.000000	
32.734031	-7.493617	5.000000	
35.119104	-6.920677	5.000000	
34.187403	-4.023729	5.000000	
32.007055	-4.988439	5.000000	
35.359899	-7.371277	5.000000	
33.067511	-8.593099	5.000000	
35.752453	-6.513611	5.000000	
33.724995	-6.144609	5.000000	
31.890617	-6.134861	5.000000	
33.138634	-7.501713	5.000000	
38.958779	19.082039	-1.000000	
-17.690862	4.467669	-1.000000	
19.145770	-11.455576	-1.000000	
-12.386986	9.005667	-1.000000	
33.291274	-14.157763	-1.000000	
30.760872	19.657566	-1.000000	
-10.341645	-5.837281	-1.000000	
27.530389	3.696934	-1.000000	
24.582412	-15.316912	-1.000000	
-1.689493	-4.930099	-1.000000	
5.440648	9.089387	-1.000000	
15.274566	18.848460	-1.000000	
23.278407	-19.693519	-1.000000	
25.552559	11.049536	-1.000000	
-17.751946	16.870269	-1.000000	
13.029047	0.262395	-1.000000	
20.827798	-15.744985	-1.000000	
4.351591	3.745689	-1.000000	
3.022133	-10.660442	-1.000000	
-7.402545	12.317196	-1.000000	
24.686410	3.931160	-1.000000	
20.377770	6.726552	-1.000000	
25.099939	-3.825637	-1.000000	
27.139344	-10.369788	-1.000000	
38.318218	-12.071012	-1.000000	
16.968969	-1.395877	-1.000000	
6.341878	18.707214	-1.000000	
38.692240	-4.766209	-1.000000	
35.008279	-3.286284	-1.000000	
15.094402	-2.493169	-1.000000	
35.946645	-3.823793	-1.000000	
-24.049872	-15.617841	-1.000000	
0.432010	-9.712993	-1.000000	
10.573014	-4.331703	-1.000000	
33.419111	-19.303670	-1.000000	
16.206153	6.335172	-1.000000	
-7.933264	-17.111056	-1.000000	
-17.725165	5.154525	-1.000000	
32.194128	-3.588705	-1.000000	
33.898661	13.476227	-1.000000	
-17.626139	-1.189309	-1.000000	
-16.728105	15.682886	-1.000000	
36.942801	2.635421	-1.000000	
22.473366	16.280523	-1.000000	
9.630587	4.894137	-1.000000	
-12.220664	-17.421051	-1.000000	
6.376601	13.192503	-1.000000	
8.076531	-5.624913	-1.000000	
-8.360742	-17.036617	-1.000000	
31.246929	-5.632650	-1.000000	
36.338599	7.685598	-1.000000	
-17.725683	-0.206287	-1.000000	
-21.168311	5.991101	-1.000000	
-15.545927	-3.117768	-1.000000	
24.737376	1.492953	-1.000000	
-23.040478	-14.380385	-1.000000	
-6.911756	14.256864	-1.000000	
-24.518332	17.325460	-1.000000	
35.810437	3.218799	-1.000000	
14.770147	16.077933	-1.000000	
22.236484	-18.478568	-1.000000	
-14.934253	8.488648	-1.000000	
20.859067	-8.495470	-1.000000	
-6.486294	15.491888	-1.000000	
-20.275833	13.490888	-1.000000	
14.361030	-12.847569	-1.000000	
24.208553	14.127492	-1.000000	
10.686069	14.581197	-1.000000	
17.295544	-15.372322	-1.000000	
-14.169807	-7.334284	-1.000000	
-18.461865	-4.085846	-1.000000	
-2.756728	-11.897430	-1.000000	
38.221999	1.589414	-1.000000	
-18.089237	1.185246	-1.000000	
28.048980	19.444600	-1.000000	
-18.794685	4.273634	-1.000000	
-15.482983	-3.160343	-1.000000	
-21.468230	17.296399	-1.000000	
37.660660	15.646997	-1.000000	
35.902824	-13.206591	-1.000000	
6.708654	-14.978159	-1.000000	
7.953891	-9.021279	-1.000000	
36.364172	-8.907876	-1.000000	
-20.872714	11.868413	-1.000000	
-14.342027	-3.290886	-1.000000	
-16.422078	6.260348	-1.000000	
5.860971	16.337279	-1.000000	
21.589961	-2.404917	-1.000000	
-23.939660	-3.496956	-1.000000	
-21.819643	2.830532	-1.000000	
11.807880	-14.716777	-1.000000	
3.996422	14.368028	-1.000000	
-12.515125	1.299103	-1.000000	
-9.584465	7.706228	-1.000000	
23.443063	-6.159676	-1.000000	
-11.878499	-11.521621	-1.000000	
3.515583	4.767937	-1.000000	
35.127479	11.016791	-1.000000	
-1.633256	0.509112	-1.000000	
36.908266	-14.285413	-1.000000	
10.883073	-12.338341	-1.000000	
-4.874879	8.651642	-1.000000	
-0.249831	2.598091	-1.000000	
-17.285490	-11.626451	-1.000000	
-17.271852	7.099330	-1.000000	
35.134017	-13.781532	-1.000000	
-13.294979	3.799530	-1.000000	
26.406482	-16.241266	-1.000000	
25.780968	-17.509662	-1.000000	
28.138220	6.819442	-1.000000	
2.654678	13.140206	-1.000000	
36.790389	-9.149312	-1.000000	
18.137967	7.936103	-1.000000	
31.734464	-12.911269	-1.000000	
26.249583	1.998213	-1.000000	
-1.446901	16.458807	-1.000000	
-18.569022	-2.421502	-1.000000	
-4.188714	19.646838	-1.000000	
9.285003	13.076438	-1.000000	
39.569365	-13.498209	-1.000000	
33.559317	15.788008	-1.000000	
-1.231264	9.272837	-1.000000	
-10.707689	-1.751584	-1.000000	
15.787828	14.057294	-1.000000	
12.713301	5.409046	-1.000000	
39.510165	-6.236864	-1.000000	
-20.521751	18.415864	-1.000000	
-18.517066	-12.316476	-1.000000	
-7.209539	-7.799926	-1.000000	
12.010966	-13.305468	-1.000000	
2.816491	-7.983892	-1.000000	
-18.971469	-6.590284	-1.000000	
-15.671663	11.621086	-1.000000	
21.871292	2.990373	-1.000000	
-23.687199	-3.351605	-1.000000	
18.759304	-1.298649	-1.000000	
-24.348632	-5.541633	-1.000000	
13.249029	-8.833040	-1.000000	
9.390056	-9.307419	-1.000000	
-4.779946	-0.996606	-1.000000	
32.055309	-11.863608	-1.000000	
8.874377	-19.118564	-1.000000	
22.679414	17.780753	-1.000000	
21.420476	4.249812	-1.000000	
21.662880	7.225715	-1.000000	
-7.014368	8.844910	-1.000000	
26.411471	-15.163447	-1.000000	
6.334127	-2.993069	-1.000000	
-9.585483	6.553032	-1.000000	
36.483899	-15.348536	-1.000000	
-3.355372	18.318415	-1.000000	
-11.183111	7.329480	-1.000000	
35.951615	1.904521	-1.000000	
15.633221	-7.327789	-1.000000	
-20.693220	2.743782	-1.000000	
3.705314	5.180911	-1.000000	
37.619198	1.055169	-1.000000	
-13.674011	16.743058	-1.000000	
35.992469	18.968121	-1.000000	
2.967682	-9.071095	-1.000000	
16.667956	8.418069	-1.000000	
-20.062125	13.406439	-1.000000	
3.889169	-12.584550	-1.000000	
28.377216	5.158509	-1.000000	
15.806404	7.637460	-1.000000	
-10.406811	-19.609706	-1.000000	
-4.503524	-5.483948	-1.000000	
-21.678973	-6.806472	-1.000000	
3.666968	-3.502613	-1.000000	
17.979073	3.838535	-1.000000	
22.159278	2.906739	-1.000000	
22.151524	11.320381	-1.000000	
-20.112433	-1.596363	-1.000000	
-24.518647	-10.375635	-1.000000	
-13.428333	-19.519841	-1.000000	
33.992707	15.446516	-1.000000	
-3.918978	14.029608	-1.000000	
0.371717	15.100671	-1.000000	
22.373204	-12.115459	-1.000000	
-23.457503	8.230103	-1.000000	
-11.816136	-11.904177	-1.000000	
17.492315	5.884914	-1.000000	
6.921252	-18.012680	-1.000000	
1.745723	-3.248091	-1.000000	
8.917434	7.139045	-1.000000	
16.311023	4.504006	-1.000000	
-22.921905	-1.347692	-1.000000	
-6.283021	9.356061	-1.000000	
17.923757	-2.949350	-1.000000	
32.334766	11.112640	-1.000000	
-3.818960	-17.790868	-1.000000	
29.311374	-18.723317	-1.000000	
28.873304	-11.524694	-1.000000	
32.795974	6.071804	-1.000000	
38.880770	3.925358	-1.000000	
32.684043	-7.778400	-1.000000	
-20.369427	11.664050	-1.000000	
20.350644	13.021702	-1.000000	
20.424140	-15.926236	-1.000000	
21.380374	-3.976674	-1.000000	
12.064094	9.187329	-1.000000	
-14.227203	17.820223	-1.000000	
-20.848203	2.959663	-1.000000	
-16.039143	-13.581540	-1.000000	
-22.701202	-17.880239	-1.000000	
-14.787465	-15.031567	-1.000000	
17.254923	18.311760	-1.000000	
20.626755	-8.284290	-1.000000	
21.318969	-15.646079	-1.000000	
-0.666402	8.388245	-1.000000	
-2.741806	7.410194	-1.000000	
23.180721	-0.316780	-1.000000	
10.514353	-14.757730	-1.000000	
35.360427	-10.659243	-1.000000	
16.213354	13.115917	-1.000000	
33.115703	12.941229	-1.000000	
22.465899	15.705477	-1.000000	
-18.471894	-6.396917	-1.000000	
21.053826	-5.907518	-1.000000	
-0.042217	12.598053	-1.000000	
-16.504187	14.273209	-1.000000	
35.339100	10.250946	-1.000000	
-19.649671	-11.575290	-1.000000	
33.639785	1.453933	-1.000000	
-2.326758	19.930358	-1.000000	
-11.632129	5.260622	-1.000000	
-4.346790	-9.038528	-1.000000	
39.223555	3.543882	-1.000000	
-18.459110	-15.432619	-1.000000	
-23.940472	9.124020	-1.000000	
-10.828247	-10.426535	-1.000000	
30.634352	18.698004	-1.000000	
-14.434960	8.409203	-1.000000	
38.736118	14.359316	-1.000000	
-14.649076	2.259563	-1.000000	
-9.161909	19.406270	-1.000000	
8.263097	-11.614946	-1.000000	
16.173032	-7.956242	-1.000000	
37.680648	8.272196	-1.000000	
34.746252	6.653238	-1.000000	
20.639561	3.712443	-1.000000	
9.328002	-13.721259	-1.000000	
34.875926	-15.942746	-1.000000	
8.503342	5.272567	-1.000000	
0.212728	-16.408148	-1.000000	
10.821090	-8.678154	-1.000000	
-1.193650	5.663173	-1.000000	
-21.939480	7.739218	-1.000000	
10.572272	16.974773	-1.000000	
-6.373180	1.287105	-1.000000	
-10.383410	-8.035832	-1.000000	
27.499349	-4.786174	-1.000000	
8.281928	-18.239841	-1.000000	
36.291665	2.128321	-1.000000	
15.044556	-13.951029	-1.000000	
-18.924486	17.531268	-1.000000	
23.999679	-8.130116	-1.000000	
15.059120	9.155107	-1.000000	
20.964410	4.508474	-1.000000	
-17.009007	-6.220747	-1.000000	
4.252925	0.788731	-1.000000	
21.068300	-13.733738	-1.000000	
-5.992808	12.916260	-1.000000	
-4.319976	-6.061247	-1.000000	
39.316951	-10.314103	-1.000000	
30.898290	16.770266	-1.000000	
8.509051	-17.715816	-1.000000	
22.561098	-13.142090	-1.000000	
-9.511514	-2.682194	-1.000000	
5.058185	9.737640	-1.000000	
11.588701	-12.076200	-1.000000	
-1.729586	-10.104435	-1.000000	
-7.827004	-2.099180	-1.000000	
-7.375328	-5.630963	-1.000000	
16.769654	6.057227	-1.000000	
-11.706333	-17.924073	-1.000000	
21.326009	16.443061	-1.000000	
-10.421557	-8.923475	-1.000000	
-3.510239	-4.607340	-1.000000	
-13.335956	-11.792943	-1.000000	
11.511153	3.693464	-1.000000	
18.677367	11.049412	-1.000000	
26.126498	-14.997734	-1.000000	
-18.568660	-10.296655	-1.000000	
11.091789	-15.865432	-1.000000	
4.009562	-11.407310	-1.000000	
39.353393	-13.438791	-1.000000	
22.036881	-12.994107	-1.000000	
8.623190	5.718903	-1.000000	
-13.600758	-13.123321	-1.000000	
10.305654	12.433088	-1.000000	
30.850709	-16.721577	-1.000000	
31.704744	13.960768	-1.000000	
26.089424	-17.357861	-1.000000	
-23.152829	-10.879539	-1.000000	
-6.913879	19.579382	-1.000000	
17.851441	-12.088028	-1.000000	
8.057364	6.254025	-1.000000	
-10.105077	-7.186173	-1.000000	
27.169152	-10.093258	-1.000000	
